60
0 48.9547 46.0404 54.0833 58.2371 76.8315 92.363 50.3178 36.0555 52.7181 27.6116 77.4209 75.1601 52.7181 43.7305 33.5452 63.3725 37.8 43.1504 72.1299 62.5156 71.5925 56.6579 12.4483 86.1371 65.044 26.6271 32.0131 18 10.1548 60.869 44.8642 13.8058 52.9037 48.1203 54.0833 34.4471 51.8714 29.0413 24.9303 37.013 26.7858 49.8401 62.5156 27.3247 58.2278 50.4 52.9037 44.0477 64.5879 34.4 14.4 35.5578 51.6314 54.6494 46.6154 48.9547 40.5231 32.4 51.1097 
48.9547 0 11.2161 40.5231 9.32309 27.9693 43.7305 26.2275 15.2552 15.2552 25.8627 42.6427 27.6116 35.2647 9.32309 26.3591 46.4982 45.3471 19.8 28.3365 30.0566 26.05 47.5836 37.2924 37.2924 18.3412 34.4471 26.05 43.3377 44.8642 36.6824 10.1548 48.5077 44.8642 45 11.2161 23.2491 27.6116 53.4404 58.0827 36.635 35.1027 1.8 30.0566 36.6824 33.5452 50.774 59.0931 39.6913 17.2 24.9303 57.2524 16.7726 23.2491 10.1548 5.4 46.8 38.0237 43.9318 16.7726 
46.0404 11.2161 0 49.8606 17.5727 34.5879 47.3396 15.2552 19.8 26.2275 19.4124 53.8401 29.5466 44.8308 3.6 17.2939 56.6198 35.1454 28.3365 26.2275 21.6 36.0555 56.6731 33.6482 43.5986 19.4124 26.3591 17.5727 36.635 44.2904 47.2631 1.8 48.7811 33.6482 52.9037 22.4321 28.8 16.7726 56.6731 59.8468 26.3591 38.766 10.1548 21.6 40.5231 23.2491 39.6913 48.1203 28.7124 26.7858 30.6 56.6424 21.6 33.5452 21.3214 15.2552 54.6805 27.3247 34.4471 7.2 
54.0833 40.5231 49.8606 0 43.2 53.2541 71.4227 64.7611 32.0131 27 51.1097 29.5466 61.8013 5.4 46.4982 56.6424 9.32309 74.6898 21.587 66.6 70.5294 39.8979 7.2 49.8401 59.8468 55.8 59.6905 55.2232 61.9048 44.3355 11.2161 48.1751 43.3377 80.7933 10.1548 32.4 24.8966 66.416 35.1454 43.5986 67.6302 27.3247 42.2838 70.5294 26.7858 73.104 84.2503 91.1186 73.3305 40.5231 23.6279 51.6314 30.5103 18 34.2 35.2647 11.2161 70.446 70.8838 56.6731 
58.2371 9.32309 17.5727 43.2 0 18.6462 34.831 30.4644 23.6279 16.2 34.8213 38.6663 19.9489 37.8 17.2 34.4471 47.5836 52.7181 24.9303 23.4 30.5103 18.6462 50.4 46.6154 27.9693 12.6 43.0377 34.4 52.379 53.8401 37.013 17.2939 57.2524 49.8401 49.355 10.8 30.5103 31.4585 61.0207 66.2507 43.9318 42.8402 8.78635 30.5103 44.2904 36.0649 56.6579 65.2616 45.9504 9.32309 32.0131 66.1553 24.8966 25.2 9 12.4483 51.1285 44.808 51.8818 20.3096 
76.8315 27.9693 34.5879 53.2541 18.6462 0 18.3412 43.9318 41.6043 29.0413 53.1161 37.013 13.8058 48.1751 35.1454 51.8818 54.6805 68.8941 40.025 23.6279 38.8247 14.4 60.1132 65.2616 9.32309 18.0278 60.869 52.0999 70.6815 72.0569 44.0477 34.8213 75.1601 62.8334 61.4758 24.8966 47.2559 44.3355 77.3325 83.3175 60.2269 59.6905 27.3247 38.8247 60.9528 46.6154 70.6815 79.4655 60.869 13.8058 48.5077 84.2342 42.6427 36.6824 23.6279 30.4644 63.1142 60.4417 68.8235 34.5879 
92.363 43.7305 47.3396 71.4227 34.831 18.3412 0 52.0999 58.4565 47.2631 66.7344 52.2 18.0278 66.416 48.9547 63.9578 72.2764 78.4189 58.0827 25.8 43.0377 31.7855 78.1798 80.2957 12.6 27.9693 73.2699 64.5879 83.9078 88.5837 61.8401 48.1203 92.0808 68.8235 79.7957 42.8402 64.8919 51.8818 95.2391 100.895 70.2908 77.3325 42.6427 43.0377 78.6824 51.6314 77.4 86.0188 69.1757 32.0131 66.2507 100.945 59.6905 55.0236 41.4174 47.2559 81.4236 69.6425 79.4655 44.808 
50.3178 26.2275 15.2552 64.7611 30.4644 43.9318 52.0999 0 33.5219 41.4174 23.2491 68.4658 34.4471 59.8468 18.3412 16.7726 71.7799 26.3591 43.1741 26.7858 12.4483 48.9547 71.4227 38.2816 51.8818 26.05 24.8966 18.3412 36.0649 51.5539 62.5156 16.7726 56.6731 19.4124 67.0439 37.3449 42.2838 1.8 67.153 68.7852 18.6462 50.4 24.8966 12.4483 52.2 9 26.7858 35.5578 17.2 39.6913 44.0477 63.1142 35.2647 48.7811 36.0649 30.5103 68.7852 17.5727 27.9693 10.1548 
36.0555 15.2552 19.8 32.0131 23.6279 41.6043 58.4565 33.5219 0 17.2 20.3096 44.808 42.8402 27.6116 16.2 24.8966 40.025 43.7305 11.2161 43.1741 41.4 35.5578 38.2816 25.8627 50.774 33.5452 29.5466 23.6279 35.1454 30.4644 32.522 18 33.6482 48.7811 33.5219 18.0278 9 35.2647 38.2816 42.8402 36.0649 19.9489 16.7726 41.4 21.587 42.2838 52.4549 59.6905 41.4174 28.7124 10.8 42.6427 1.8 19.4124 18.6462 11.2161 35.2647 38.6663 40.6192 27 
52.7181 15.2552 26.2275 27 16.2 29.0413 47.2631 41.4174 17.2 0 36.0555 28.7124 35.2647 21.6 23.6279 38.8247 31.7855 58.2371 11.2161 39.6 44.8308 19.4124 34.2 43.0377 37.3449 28.8 45.3471 38.0237 52.0999 45.9504 21.587 24.8966 48.1203 59.6905 33.5219 5.4 19.4124 42.8402 48.5077 54.9422 49.8401 31.4585 16.7726 44.8308 32.522 48.7811 65.044 73.0616 53.8401 15.2552 20.3096 57.4247 17.2939 9 7.2 11.2161 35.2647 51.7536 55.9385 32.0131 
27.6116 25.8627 19.4124 51.1097 34.8213 53.1161 66.7344 23.2491 20.3096 36.0555 0 64.5879 48.9547 47.2559 18.0278 7.2 59.6905 23.6279 31.4585 44.8642 35.1027 51.6314 56.6424 15.2552 62.3416 38.8247 9.32309 5.4 17.5727 28.3365 52.7765 18.6462 33.5219 31.7855 50.3178 34.8213 26.2275 24.9303 45 45.8144 16.7726 30.0566 26.05 35.1027 31.7855 31.7855 33.5452 40.025 23.2491 43.0377 27.6116 39.8979 21.3214 39.6913 34.5879 26.05 51.8714 19.9489 20.3096 23.6279 
77.4209 42.6427 53.8401 29.5466 38.6663 37.013 52.2 68.4658 44.808 28.7124 64.5879 0 49.8606 27.3247 51.7536 67.5307 24.8966 86.942 34.8213 58.2278 69.029 23.2491 33.6482 69.6425 39.6 48.7811 73.9083 66.7344 79.8924 68.8941 18.6462 52.7765 69.3862 87.4611 39.6913 31.4585 43.1504 69.662 63.9578 72.111 78.5002 51.8818 43.7305 69.029 52.0999 74.6898 93.3574 101.548 82.2097 30.5103 43.0377 78.4189 44.3355 26.05 32.522 39.6913 40.6192 80.2957 84.6191 58.4565 
75.1601 27.6116 29.5466 61.8013 19.9489 13.8058 18.0278 34.4471 42.8402 35.2647 48.9547 49.8606 0 56.4588 31.4585 45.9504 64.8 60.629 44.8308 10.1548 26.7858 26.6271 68.9385 62.9171 18.6462 10.1548 55.2684 46.6154 65.9776 72.1299 54 30.4644 76.0013 52.0999 68.7852 30.0566 50.3178 34.4 80.7933 85.6803 52.379 62.5156 26.2275 26.7858 64.0262 35.1454 60.4417 69.1757 51.6314 21.6 51.8714 84.5719 44.2904 44.0477 28.3365 32.0131 70.5294 51.8818 61.5045 26.7858 
52.7181 35.2647 44.8308 5.4 37.8 48.1751 66.416 59.8468 27.6116 21.6 47.2559 27.3247 56.4588 0 41.5293 52.4549 12.4483 70.8838 16.7726 61.2 65.3057 35.1027 12.6 47.3396 55.0236 50.4 56.0803 51.1097 59.0931 43.3377 8.78635 43.1741 43 76.2758 13.8058 27 21.3214 61.4758 36.635 44.808 63.555 26.05 37.013 65.3057 25.8627 68.0782 80.05 87.1381 69.029 35.2647 20.3096 51.7254 26.2275 12.6 28.8 30.0566 15.2552 66.2507 67.2964 51.5539 
43.7305 9.32309 3.6 46.4982 17.2 35.1454 48.9547 18.3412 16.2 23.6279 18.0278 51.7536 31.4585 41.5293 0 17.2939 53.4404 36.0555 24.9303 29.0413 25.2 35.1454 53.2541 31.4585 44.3355 21.3214 25.8627 17.2 35.5578 41.4174 44.2904 1.8 45.7655 36.0649 49.355 20.3096 25.2 19.9489 53.2541 56.6198 27.3247 35.2647 8.78635 25.2 37.013 26.6271 41.6043 49.8401 30.4644 26.05 27 53.8268 18 30.5103 19.4124 12.4483 51.1285 28.7124 34.8213 10.8 
33.5452 26.3591 17.2939 56.6424 34.4471 51.8818 63.9578 16.7726 24.8966 38.8247 7.2 67.5307 45.9504 52.4549 17.2939 0 64.8919 19.4124 36.0649 40.6192 29.0413 52.379 62.5156 21.587 60.869 36.0555 9.32309 1.8 20.3096 35.2647 57.2524 17.2 40.5231 24.9303 56.6198 36.635 32.0131 18.3412 52.2 52.9037 11.2161 37.013 26.05 29.0413 38.766 24.9303 27.6116 34.831 16.7726 43.3377 33.5452 46.4982 26.2275 43.7305 36.0555 27.9693 58.2278 13.8058 17.5727 19.4124 
63.3725 46.4982 56.6198 9.32309 47.5836 54.6805 72.2764 71.7799 40.025 31.7855 59.6905 24.8966 64.8 12.4483 53.4404 64.8919 0 83.3175 29.0413 70.7248 76.4829 40.5231 9.32309 59.0931 60.1132 60.0193 68.4658 63.555 71.0836 53.5716 10.8 55.0236 52.379 88.5808 17.2939 37.013 33.6482 73.3648 43.1504 51.7254 76.0013 36.635 48.1751 76.4829 36.0555 79.7957 92.4775 99.5863 81.4344 43.2 32.522 60.4417 38.6663 23.2491 38.766 41.5293 17.5727 78.6824 79.6799 63.1142 
37.8 45.3471 35.1454 74.6898 52.7181 68.8941 78.4189 26.3591 43.7305 58.2371 23.6279 86.942 60.629 70.8838 36.0555 19.4124 83.3175 0 54.9422 53.1161 37.2924 71.1157 80.05 30.0566 77.4 51.6314 15.2552 20.3096 19.8 44.0477 76.2514 35.5578 49.355 16.7726 73.3305 55.9385 49.7932 26.7858 63.5711 61.8013 8.78635 51.8714 44.808 37.2924 53.4404 29.5466 12.6 16.7726 10.1548 61.8983 51.1097 52.2 44.8642 62.9171 55.2684 47.3396 74.796 8.78635 5.4 34.4 
43.1504 19.8 28.3365 21.587 24.9303 40.025 58.0827 43.1741 11.2161 11.2161 31.4585 34.8213 44.8308 16.7726 24.9303 36.0649 29.0413 54.9422 0 47.5836 49.355 30.4644 28.3365 34.8213 48.5077 37.013 40.6192 34.831 45.3471 35.5578 21.3214 26.6271 37.2924 59.5426 25.2 15.2552 8.78635 44.8308 37.3449 43.7305 47.2559 20.3096 21.6 49.355 21.3214 51.5539 63.555 70.8838 52.4549 26.2275 9.32309 46.6154 10.1548 8.78635 16.7726 14.4 27 49.7932 51.7536 35.2647 
72.1299 28.3365 26.2275 66.6 23.4 23.6279 25.8 26.7858 43.1741 39.6 44.8642 58.2278 10.1548 61.2 29.0413 40.6192 70.7248 53.1161 47.5836 0 17.2939 35.1027 73.8 59.6905 28.7124 10.8 49.8401 41.6043 60.9288 70.446 60.0193 27.6116 74.796 43.0377 72.5118 34.2 51.5539 26.3591 81.4236 85.4133 45.3471 63.1142 26.6271 17.2939 64.7611 25.8627 51.6 60.2269 43.5986 28.3365 53.2541 82.8348 44.8308 48.6 32.4 33.5219 74.2994 44.3355 54.6494 21.3214 
62.5156 30.0566 21.6 70.5294 30.5103 38.8247 43.0377 12.4483 41.4 44.8308 35.1027 69.029 26.7858 65.3057 25.2 29.0413 76.4829 37.2924 49.355 17.2939 0 47.2559 77.5319 50.3178 45.3471 21.3214 37.3449 30.5103 48.5077 63.1142 66.416 23.4 68.0782 25.8 74.2994 39.8979 50.4 11.2161 77.5319 79.8812 30.4644 60.0193 28.3365 0 61.8013 8.6 34.4471 43 27.3247 38.6663 52.2 74.9595 43.2 53.2541 38.2816 35.2647 76.0876 28.7124 39.6913 14.4 
71.5925 26.05 36.0555 39.8979 18.6462 14.4 31.7855 48.9547 35.5578 19.4124 51.6314 23.2491 26.6271 35.1027 35.1454 52.379 40.5231 71.1157 30.4644 35.1027 47.2559 0 46.4982 61.1611 19.9489 26.2275 60.4417 52.0999 68.8235 65.2616 30.0566 35.5578 67.5307 68.3652 48.7811 17.5727 38.8247 49.8401 67.2964 74.0964 62.3416 50.774 26.3591 47.2559 51.7536 53.8401 75.2981 83.9078 64.5879 9.32309 39.6913 76.8315 36.0555 24.8966 17.2939 25.8627 50.3178 63.3725 69.9443 38.8247 
56.6579 47.5836 56.6731 7.2 50.4 60.1132 78.1798 71.4227 38.2816 34.2 56.6424 33.6482 68.9385 12.6 53.2541 62.5156 9.32309 80.05 28.3365 73.8 77.5319 46.4982 0 53.8401 66.416 63 64.8919 61.0207 66.1553 46.6154 16.7726 54.9607 44.808 86.9733 8.78635 39.6 30.5103 73.104 34.4 43 73.3305 30.4644 49.355 77.5319 29.5466 79.8812 90.05 96.6406 79.2752 47.5836 29.0413 52.379 36.6824 25.2 41.4 42.2838 8.6 76.2758 76.0013 63.5711 
12.4483 37.2924 33.6482 49.8401 46.6154 65.2616 80.2957 38.2816 25.8627 43.0377 15.2552 69.6425 62.9171 47.3396 31.4585 21.587 59.0931 30.0566 34.8213 59.6905 50.3178 61.1611 53.8401 0 74.5847 52.7765 16.2 19.9489 12.4483 14.4 54.6494 32.522 19.8 43.2 46.0404 43.5986 26.7858 39.8979 33.5219 32.4 27 23.6279 38.0237 50.3178 24.8966 46.4982 42.2838 46.4982 34.2 53.5716 27.3247 24.9303 25.8 43.5986 43.9318 35.5578 47.2559 30.6 24.9303 38.6663 
86.1371 37.2924 43.5986 59.8468 27.9693 9.32309 12.6 51.8818 50.774 37.3449 62.3416 39.6 18.6462 55.0236 44.3355 60.869 60.1132 77.4 48.5077 28.7124 45.3471 19.9489 66.416 74.5847 0 25.8627 69.9443 61.1611 79.8924 81.2384 49.8606 43.9318 84.2342 70.2908 68.642 33.6482 56.0803 52.0999 85.8457 92.0808 68.8235 68.4658 36.635 45.3471 69.662 53.5716 78.4189 87.1972 69.0116 22.4321 57.2524 93.3574 51.7536 44.2904 32.522 39.6913 70.2054 68.8235 77.5881 43 
65.044 18.3412 19.4124 55.8 12.6 18.0278 27.9693 26.05 33.5452 28.8 38.8247 48.7811 10.1548 50.4 21.3214 36.0555 60.0193 51.6314 37.013 10.8 21.3214 26.2275 63 52.7765 25.8627 0 45.3471 36.635 55.9385 62.2415 49.355 20.3096 66.2507 44.808 61.8013 23.4 41.5293 26.3591 71.7799 76.2758 43.1504 53.4404 16.7726 21.3214 55.0236 28.7124 52.7181 61.5045 43.1504 18.3412 43.1741 74.6898 35.1027 37.8 21.6 23.2491 63.5843 43 52.0999 17.2939 
26.6271 34.4471 26.3591 59.6905 43.0377 60.869 73.2699 24.8966 29.5466 45.3471 9.32309 73.9083 55.2684 56.0803 25.8627 9.32309 68.4658 15.2552 40.6192 49.8401 37.3449 60.4417 64.8919 16.2 69.9443 45.3471 0 8.78635 11.2161 30.6 61.9048 26.05 36 27 58.0827 43.9318 34.831 26.2275 49.355 48.6 10.8 36.6824 34.4 37.3449 38.2816 32.0131 26.6271 32.0131 18 51.6314 36.0649 40.5231 30.4644 48.9547 43.5986 35.1454 59.5426 14.4 11.2161 28.7124 
32.0131 26.05 17.5727 55.2232 34.4 52.0999 64.5879 18.3412 23.6279 38.0237 5.4 66.7344 46.6154 51.1097 17.2 1.8 63.555 20.3096 34.831 41.6043 30.5103 52.0999 61.0207 19.9489 61.1611 36.635 8.78635 0 19.4124 33.5219 56.0803 17.2939 38.766 26.6271 55.0236 36.0555 30.5103 19.9489 50.4 51.1285 12.4483 35.2647 25.8627 30.5103 37.013 26.6271 29.0413 36.0649 18.3412 43.1504 32.0131 44.8308 24.8966 42.6427 35.5578 27.3247 56.6198 15.2552 18.0278 20.3096 
18 43.3377 36.635 61.9048 52.379 70.6815 83.9078 36.0649 35.1454 52.0999 17.5727 79.8924 65.9776 59.0931 35.5578 20.3096 71.0836 19.8 45.3471 60.9288 48.5077 68.8235 66.1553 12.4483 79.8924 55.9385 11.2161 19.4124 0 24.9303 65.9776 36.0555 30.0566 35.2647 58.4565 51.6314 38.0237 37.3449 44.8308 42.2838 19.9489 36.0649 43.5986 48.5077 37.3449 42.8402 32.4 35.2647 26.6271 60.4417 38.8247 32.4 35.5578 54.0833 51.6 43 59.6905 23.2491 14.4 39.6913 
10.1548 44.8642 44.2904 44.3355 53.8401 72.0569 88.5837 51.5539 30.4644 45.9504 28.3365 68.8941 72.1299 43.3377 41.4174 35.2647 53.5716 44.0477 35.5578 70.446 63.1142 65.2616 46.6154 14.4 81.2384 62.2415 30.6 33.5219 24.9303 0 51.7254 42.8402 5.4 57.6 38.0237 48.1203 26.7858 53.2541 19.9489 18 41.4 17.2939 46.0404 63.1142 17.5727 60.1132 56.4588 60.1132 48.6 59.0931 26.3591 12.4483 29.5466 43.5986 48.9547 41.6043 38.8247 45 38.766 50.3178 
60.869 36.6824 47.2631 11.2161 37.013 44.0477 61.8401 62.5156 32.522 21.587 52.7765 18.6462 54 8.78635 44.2904 57.2524 10.8 76.2514 21.3214 60.0193 66.416 30.0566 16.7726 54.6494 49.8606 49.355 61.9048 56.0803 65.9776 51.7254 0 45.7655 51.6314 80.05 21.3214 26.6271 27.9693 64.0262 45.3471 53.5716 68.4658 34.4471 38.2816 66.416 34.4 70.2054 84.5719 92.0808 73.3989 32.4 27.3247 60.4417 31.4585 13.8058 28.3365 32.0131 22.4321 70.8838 73.0616 53.4404 
44.8642 10.1548 1.8 48.1751 17.2939 34.8213 48.1203 16.7726 18 24.8966 18.6462 52.7765 30.4644 43.1741 1.8 17.2 55.0236 35.5578 26.6271 27.6116 23.4 35.5578 54.9607 32.522 43.9318 20.3096 26.05 17.2939 36.0555 42.8402 45.7655 0 47.2631 34.831 51.1285 21.3214 27 18.3412 54.9607 58.2278 26.7858 37.013 9.32309 23.4 38.766 24.9303 40.6192 48.9547 29.5466 26.3591 28.8 55.2232 19.8 32.0131 20.3096 13.8058 52.9037 27.9693 34.5879 9 
13.8058 48.5077 48.7811 43.3377 57.2524 75.1601 92.0808 56.6731 33.6482 48.1203 33.5219 69.3862 76.0013 43 45.7655 40.5231 52.379 49.355 37.2924 74.796 68.0782 67.5307 44.808 19.8 84.2342 66.2507 36 38.766 30.0566 5.4 51.6314 47.2631 0 63 36.0555 50.774 28.7124 58.3908 15.2552 12.6 46.8 17.5727 49.7932 68.0782 17.2939 65.3057 61.8013 65.3057 54 61.9048 27.9693 9.32309 32.522 44.808 51.7536 44.8642 36.635 50.4 44.0477 55.0236 
52.9037 44.8642 33.6482 80.7933 49.8401 62.8334 68.8235 19.4124 48.7811 59.6905 31.7855 87.4611 52.0999 76.2758 36.0649 24.9303 88.5808 16.7726 59.5426 43.0377 25.8 68.3652 86.9733 43.2 70.2908 44.808 27 26.6271 35.2647 57.6 80.05 34.831 63 0 81.4236 56.0803 56.6198 18.6462 76.0876 75.6 16.2 61.8401 43.7305 25.8 63.5711 17.2 8.78635 17.2 9 59.0931 58.2278 67.153 50.3178 66.2507 54.9422 48.5077 83.0585 12.6 21.587 29.5466 
48.1203 45 52.9037 10.1548 49.355 61.4758 79.7957 67.0439 33.5219 33.5219 50.3178 39.6913 68.7852 13.8058 49.355 56.6198 17.2939 73.3305 25.2 72.5118 74.2994 48.7811 8.78635 46.0404 68.642 61.8013 58.0827 55.0236 58.4565 38.0237 21.3214 51.1285 36.0555 81.4236 0 38.766 24.9303 68.7852 25.8627 34.4471 67.0904 22.4321 46.8 74.2994 21.3214 75.7778 83.863 90.05 73.3648 48.1751 23.2491 43.5986 31.7855 24.9303 40.5231 39.6 1.8 70.2054 69.029 60.0193 
54.0833 11.2161 22.4321 32.4 10.8 24.8966 42.8402 37.3449 18.0278 5.4 34.8213 31.4585 30.0566 27 20.3096 36.635 37.013 55.9385 15.2552 34.2 39.8979 17.5727 39.6 43.5986 33.6482 23.4 43.9318 36.0555 51.6314 48.1203 26.6271 21.3214 50.774 56.0803 38.766 0 22.4321 38.6663 52.4549 58.4565 47.3396 34.831 12.4483 39.8979 36.0649 44.2904 61.9048 70.143 50.774 11.2161 23.6279 59.991 18.6462 14.4 1.8 8.78635 40.5231 48.9547 54.0833 27.6116 
34.4471 23.2491 28.8 24.8966 30.5103 47.2559 64.8919 42.2838 9 19.4124 26.2275 43.1504 50.3178 21.3214 25.2 32.0131 33.6482 49.7932 8.78635 51.5539 50.4 38.8247 30.5103 26.7858 56.0803 41.5293 34.831 30.5103 38.0237 26.7858 27.9693 27 28.7124 56.6198 24.9303 22.4321 0 44.0477 30.5103 36.0649 42.8402 12.4483 24.9303 50.4 13.8058 51.1285 59.5426 66.2507 48.7811 33.6482 1.8 38.0237 7.2 17.2 23.6279 18.3412 26.6271 45.7655 46.0404 36 
51.8714 27.6116 16.7726 66.416 31.4585 44.3355 51.8818 1.8 35.2647 42.8402 24.9303 69.662 34.4 61.4758 19.9489 18.3412 73.3648 26.7858 44.8308 26.3591 11.2161 49.8401 73.104 39.8979 52.0999 26.3591 26.2275 19.9489 37.3449 53.2541 64.0262 18.3412 58.3908 18.6462 68.7852 38.6663 44.0477 0 68.9385 70.5294 19.4124 52.2 26.2275 11.2161 54 7.2 26.3591 35.1454 17.2939 40.6192 45.8144 64.7611 37.013 50.3178 37.3449 32.0131 70.5294 18.0278 28.7124 11.2161 
29.0413 53.4404 56.6731 35.1454 61.0207 77.3325 95.2391 67.153 38.2816 48.5077 45 63.9578 80.7933 36.635 53.2541 52.2 43.1504 63.5711 37.3449 81.4236 77.5319 67.2964 34.4 33.5219 85.8457 71.7799 49.355 50.4 44.8308 19.9489 45.3471 54.9607 15.2552 76.0876 25.8627 52.4549 30.5103 68.9385 0 8.6 60.0193 18.3412 55.0236 77.5319 16.7726 76.0876 75.7778 79.8812 67.153 63.555 29.0413 19.4124 36.6824 42.6427 53.8268 48.7811 25.8 63.5843 58.3908 63.5711 
24.9303 58.0827 59.8468 43.5986 66.2507 83.3175 100.895 68.7852 42.8402 54.9422 45.8144 72.111 85.6803 44.808 56.6198 52.9037 51.7254 61.8013 43.7305 85.4133 79.8812 74.0964 43 32.4 92.0808 76.2758 48.6 51.1285 42.2838 18 53.5716 58.2278 12.6 75.6 34.4471 58.4565 36.0649 70.5294 8.6 0 59.4 23.6279 59.5426 79.8812 22.4321 77.5319 74.2994 77.5319 66.6 69.662 34.831 12.4483 41.4174 49.8401 59.6905 53.8268 34.4 63 56.4588 66.416 
37.013 36.635 26.3591 67.6302 43.9318 60.2269 70.2908 18.6462 36.0649 49.8401 16.7726 78.5002 52.379 63.555 27.3247 11.2161 76.0013 8.78635 47.2559 45.3471 30.4644 62.3416 73.3305 27 68.8235 43.1504 10.8 12.4483 19.9489 41.4 68.4658 26.7858 46.8 16.2 67.0904 47.3396 42.8402 19.4124 60.0193 59.4 0 46.4982 36.0555 30.4644 48.1751 23.6279 16.7726 23.6279 7.2 53.1161 44.2904 51.1285 37.3449 54.9422 46.6154 38.8247 68.642 3.6 9.32309 25.8627 
26.7858 35.1027 38.766 27.3247 42.8402 59.6905 77.3325 50.4 19.9489 31.4585 30.0566 51.8818 62.5156 26.05 35.2647 37.013 36.635 51.8714 20.3096 63.1142 60.0193 50.774 30.4644 23.6279 68.4658 53.4404 36.6824 35.2647 36.0649 17.2939 34.4471 37.013 17.5727 61.8401 22.4321 34.831 12.4483 52.2 18.3412 23.6279 46.4982 0 36.6824 60.0193 1.8 59.4 63.1142 68.642 53.2541 46.0404 11.2161 26.7858 18.3412 27.3247 36.0649 30.5103 23.6279 49.8606 47.2631 45.8144 
49.8401 1.8 10.1548 42.2838 8.78635 27.3247 42.6427 24.8966 16.7726 16.7726 26.05 43.7305 26.2275 37.013 8.78635 26.05 48.1751 44.808 21.6 26.6271 28.3365 26.3591 49.355 38.0237 36.635 16.7726 34.4 25.8627 43.5986 46.0404 38.2816 9.32309 49.7932 43.7305 46.8 12.4483 24.9303 26.2275 55.0236 59.5426 36.0555 36.6824 0 28.3365 38.2816 32.0131 49.8401 58.2371 38.8247 17.2939 26.6271 58.4565 18.3412 24.9303 11.2161 7.2 48.6 37.2924 43.5986 15.2552 
62.5156 30.0566 21.6 70.5294 30.5103 38.8247 43.0377 12.4483 41.4 44.8308 35.1027 69.029 26.7858 65.3057 25.2 29.0413 76.4829 37.2924 49.355 17.2939 0 47.2559 77.5319 50.3178 45.3471 21.3214 37.3449 30.5103 48.5077 63.1142 66.416 23.4 68.0782 25.8 74.2994 39.8979 50.4 11.2161 77.5319 79.8812 30.4644 60.0193 28.3365 0 61.8013 8.6 34.4471 43 27.3247 38.6663 52.2 74.9595 43.2 53.2541 38.2816 35.2647 76.0876 28.7124 39.6913 14.4 
27.3247 36.6824 40.5231 26.7858 44.2904 60.9528 78.6824 52.2 21.587 32.522 31.7855 52.0999 64.0262 25.8627 37.013 38.766 36.0555 53.4404 21.3214 64.7611 61.8013 51.7536 29.5466 24.8966 69.662 55.0236 38.2816 37.013 37.3449 17.5727 34.4 38.766 17.2939 63.5711 21.3214 36.0649 13.8058 54 16.7726 22.4321 48.1751 1.8 38.2816 61.8013 0 61.2 64.7611 70.2054 54.9607 47.2559 12.4483 26.3591 19.9489 27.9693 37.3449 32.0131 22.4321 51.5539 48.7811 47.5836 
58.2278 33.5452 23.2491 73.104 36.0649 46.6154 51.6314 9 42.2838 48.7811 31.7855 74.6898 35.1454 68.0782 26.6271 24.9303 79.7957 29.5466 51.5539 25.8627 8.6 53.8401 79.8812 46.4982 53.5716 28.7124 32.0131 26.6271 42.8402 60.1132 70.2054 24.9303 65.3057 17.2 75.7778 44.2904 51.1285 7.2 76.0876 77.5319 23.6279 59.4 32.0131 8.6 61.2 0 25.8627 34.4 19.4124 44.8642 52.9037 71.4227 44.0477 56.6198 42.8402 38.2816 77.5319 21.3214 32.522 16.7726 
50.4 50.774 39.6913 84.2503 56.6579 70.6815 77.4 26.7858 52.4549 65.044 33.5452 93.3574 60.4417 80.05 41.6043 27.6116 92.4775 12.6 63.555 51.6 34.4471 75.2981 90.05 42.2838 78.4189 52.7181 26.6271 29.0413 32.4 56.4588 84.5719 40.6192 61.8013 8.78635 83.863 61.9048 59.5426 26.3591 75.7778 74.2994 16.7726 63.1142 49.8401 34.4471 64.7611 25.8627 0 8.78635 11.2161 65.9776 61.0207 64.8 53.8268 70.8838 60.9288 53.8401 85.4133 13.8058 18 36.635 
52.9037 59.0931 48.1203 91.1186 65.2616 79.4655 86.0188 35.5578 59.6905 73.0616 40.025 101.548 69.1757 87.1381 49.8401 34.831 99.5863 16.7726 70.8838 60.2269 43 83.9078 96.6406 46.4982 87.1972 61.5045 32.0131 36.0649 35.2647 60.1132 92.0808 48.9547 65.3057 17.2 90.05 70.143 66.2507 35.1454 79.8812 77.5319 23.6279 68.642 58.2371 43 70.2054 34.4 8.78635 0 19.4124 74.5847 67.6302 67.153 60.9528 78.5124 69.2364 61.9048 91.531 21.3214 21.587 45.3471 
44.0477 39.6913 28.7124 73.3305 45.9504 60.869 69.1757 17.2 41.4174 53.8401 23.2491 82.2097 51.6314 69.029 30.4644 16.7726 81.4344 10.1548 52.4549 43.5986 27.3247 64.5879 79.2752 34.2 69.0116 43.1504 18 18.3412 26.6271 48.6 73.3989 29.5466 54 9 73.3648 50.774 48.7811 17.2939 67.153 66.6 7.2 53.2541 38.8247 27.3247 54.9607 19.4124 11.2161 19.4124 0 55.2684 50.3178 58.2385 42.8402 59.6905 49.8401 42.6427 74.9595 3.6 13.8058 26.3591 
64.5879 17.2 26.7858 40.5231 9.32309 13.8058 32.0131 39.6913 28.7124 15.2552 43.0377 30.5103 21.6 35.2647 26.05 43.3377 43.2 61.8983 26.2275 28.3365 38.6663 9.32309 47.5836 53.5716 22.4321 18.3412 51.6314 43.1504 60.4417 59.0931 32.4 26.3591 61.9048 59.0931 48.1751 11.2161 33.6482 40.6192 63.555 69.662 53.1161 46.0404 17.2939 38.6663 47.2559 44.8642 65.9776 74.5847 55.2684 0 34.831 71.0836 29.5466 23.2491 10.1548 18.0278 49.8606 54.0833 60.869 29.5466 
34.4 24.9303 30.6 23.6279 32.0131 48.5077 66.2507 44.0477 10.8 20.3096 27.6116 43.0377 51.8714 20.3096 27 33.5452 32.522 51.1097 9.32309 53.2541 52.2 39.6913 29.0413 27.3247 57.2524 43.1741 36.0649 32.0131 38.8247 26.3591 27.3247 28.8 27.9693 58.2278 23.2491 23.6279 1.8 45.8144 29.0413 34.831 44.2904 11.2161 26.6271 52.2 12.4483 52.9037 61.0207 67.6302 50.3178 34.831 0 37.2924 9 17.2939 24.8966 19.9489 24.9303 47.2631 47.2559 37.8 
14.4 57.2524 56.6424 51.6314 66.1553 84.2342 100.945 63.1142 42.6427 57.4247 39.8979 78.4189 84.5719 51.7254 53.8268 46.4982 60.4417 52.2 46.6154 82.8348 74.9595 76.8315 52.379 24.9303 93.3574 74.6898 40.5231 44.8308 32.4 12.4483 60.4417 55.2232 9.32309 67.153 43.5986 59.991 38.0237 64.7611 19.4124 12.4483 51.1285 26.7858 58.4565 74.9595 26.3591 71.4227 64.8 67.153 58.2385 71.0836 37.2924 0 41.6043 54.0833 60.9288 53.8401 43.9318 54.6805 46.8 62.5156 
35.5578 16.7726 21.6 30.5103 24.8966 42.6427 59.6905 35.2647 1.8 17.2939 21.3214 44.3355 44.2904 26.2275 18 26.2275 38.6663 44.8642 10.1548 44.8308 43.2 36.0555 36.6824 25.8 51.7536 35.1027 30.4644 24.8966 35.5578 29.5466 31.4585 19.8 32.522 50.3178 31.7855 18.6462 7.2 37.013 36.6824 41.4174 37.3449 18.3412 18.3412 43.2 19.9489 44.0477 53.8268 60.9528 42.8402 29.5466 9 41.6043 0 18.6462 19.4124 12.4483 33.5219 40.025 41.6043 28.8 
51.6314 23.2491 33.5452 18 25.2 36.6824 55.0236 48.7811 19.4124 9 39.6913 26.05 44.0477 12.6 30.5103 43.7305 23.2491 62.9171 8.78635 48.6 53.2541 24.8966 25.2 43.5986 44.2904 37.8 48.9547 42.6427 54.0833 43.5986 13.8058 32.0131 44.808 66.2507 24.9303 14.4 17.2 50.3178 42.6427 49.8401 54.9422 27.3247 24.9303 53.2541 27.9693 56.6198 70.8838 78.5124 59.6905 23.2491 17.2939 54.0833 18.6462 0 16.2 18.3412 26.6271 57.2524 59.991 39.8979 
54.6494 10.1548 21.3214 34.2 9 23.6279 41.4174 36.0649 18.6462 7.2 34.5879 32.522 28.3365 28.8 19.4124 36.0555 38.766 55.2684 16.7726 32.4 38.2816 17.2939 41.4 43.9318 32.522 21.6 43.5986 35.5578 51.6 48.9547 28.3365 20.3096 51.7536 54.9422 40.5231 1.8 23.6279 37.3449 53.8268 59.6905 46.6154 36.0649 11.2161 38.2816 37.3449 42.8402 60.9288 69.2364 49.8401 10.1548 24.8966 60.9288 19.4124 16.2 0 8.6 42.2838 48.1203 53.5716 26.2275 
46.6154 5.4 15.2552 35.2647 12.4483 30.4644 47.2559 30.5103 11.2161 11.2161 26.05 39.6913 32.0131 30.0566 12.4483 27.9693 41.5293 47.3396 14.4 33.5219 35.2647 25.8627 42.2838 35.5578 39.6913 23.2491 35.1454 27.3247 43 41.6043 32.0131 13.8058 44.8642 48.5077 39.6 8.78635 18.3412 32.0131 48.7811 53.8268 38.8247 30.5103 7.2 35.2647 32.0131 38.2816 53.8401 61.9048 42.6427 18.0278 19.9489 53.8401 12.4483 18.3412 8.6 0 41.4 40.6192 45.3471 21.587 
48.9547 46.8 54.6805 11.2161 51.1285 63.1142 81.4236 68.7852 35.2647 35.2647 51.8714 40.6192 70.5294 15.2552 51.1285 58.2278 17.5727 74.796 27 74.2994 76.0876 50.3178 8.6 47.2559 70.2054 63.5843 59.5426 56.6198 59.6905 38.8247 22.4321 52.9037 36.635 83.0585 1.8 40.5231 26.6271 70.5294 25.8 34.4 68.642 23.6279 48.6 76.0876 22.4321 77.5319 85.4133 91.531 74.9595 49.8606 24.9303 43.9318 33.5219 26.6271 42.2838 41.4 0 71.7799 70.446 61.8013 
40.5231 38.0237 27.3247 70.446 44.808 60.4417 69.6425 17.5727 38.6663 51.7536 19.9489 80.2957 51.8818 66.2507 28.7124 13.8058 78.6824 8.78635 49.7932 44.3355 28.7124 63.3725 76.2758 30.6 68.8235 43 14.4 15.2552 23.2491 45 70.8838 27.9693 50.4 12.6 70.2054 48.9547 45.7655 18.0278 63.5843 63 3.6 49.8606 37.2924 28.7124 51.5539 21.3214 13.8058 21.3214 3.6 54.0833 47.2631 54.6805 40.025 57.2524 48.1203 40.6192 71.7799 0 11.2161 25.8627 
32.4 43.9318 34.4471 70.8838 51.8818 68.8235 79.4655 27.9693 40.6192 55.9385 20.3096 84.6191 61.5045 67.2964 34.8213 17.5727 79.6799 5.4 51.7536 54.6494 39.6913 69.9443 76.0013 24.9303 77.5881 52.0999 11.2161 18.0278 14.4 38.766 73.0616 34.5879 44.0477 21.587 69.029 54.0833 46.0404 28.7124 58.3908 56.4588 9.32309 47.2631 43.5986 39.6913 48.7811 32.522 18 21.587 13.8058 60.869 47.2559 46.8 41.6043 59.991 53.5716 45.3471 70.446 11.2161 0 34.8213 
51.1097 16.7726 7.2 56.6731 20.3096 34.5879 44.808 10.1548 27 32.0131 23.6279 58.4565 26.7858 51.5539 10.8 19.4124 63.1142 34.4 35.2647 21.3214 14.4 38.8247 63.5711 38.6663 43 17.2939 28.7124 20.3096 39.6913 50.3178 53.4404 9 55.0236 29.5466 60.0193 27.6116 36 11.2161 63.5711 66.416 25.8627 45.8144 15.2552 14.4 47.5836 16.7726 36.635 45.3471 26.3591 29.5466 37.8 62.5156 28.8 39.8979 26.2275 21.587 61.8013 25.8627 34.8213 0 
